
	Trial License -- for use to evaluate programs for possible purchase as an end-user only.

batch=8  440 iter/epoch  15 epochs
    Iteration    Epoch    TimeElapsed    LearnRate    TrainingLoss    ValidationLoss
    _________    _____    ___________    _________    ____________    ______________
            0        0       00:00:14       0.0003                             11.76
            1        1       00:00:15       0.0003          12.348                  
           50        1       00:00:40       0.0003           10.44                  
          100        1       00:01:04       0.0003          9.6466                  
          150        1       00:01:28       0.0003          8.5555                  
          200        1       00:01:53       0.0003          8.4846                  
          250        1       00:02:18       0.0003          8.3954                  
          300        1       00:02:43       0.0003          8.7856                  
          350        1       00:03:09       0.0003          8.2031                  
          400        1       00:03:34       0.0003          7.7075                  
          440        1       00:04:05       0.0003          7.5717             7.904
          450        2       00:04:11       0.0003          7.4581                  
          500        2       00:04:38       0.0003          7.9552                  
          550        2       00:05:04       0.0003          7.6147                  
          600        2       00:05:32       0.0003          7.4307                  
          650        2       00:05:58       0.0003          7.4263                  
          700        2       00:06:25       0.0003          8.1296                  
          750        2       00:06:52       0.0003          7.3314                  
          800        2       00:07:19       0.0003          7.2803                  
          850        2       00:07:45       0.0003          8.2791                  
          880        2       00:08:08       0.0003          6.2009            7.2191
          900        3       00:08:19       0.0003          7.1471                  
          950        3       00:08:45       0.0003          6.6049                  
         1000        3       00:09:12       0.0003          6.4878                  
         1050        3       00:09:40       0.0003          5.3562                  
         1100        3       00:10:07       0.0003          6.0473                  
         1150        3       00:10:33       0.0003          5.1561                  
         1200        3       00:10:59       0.0003          5.6361                  
         1250        3       00:11:25       0.0003          6.1231                  
         1300        3       00:11:51       0.0003          6.1852                  
         1320        3       00:12:08       0.0003          7.3947            6.6293
         1350        4       00:12:24       0.0003          7.1572                  
         1400        4       00:12:51       0.0003           6.632                  
         1450        4       00:13:17       0.0003          5.1379                  
         1500        4       00:13:44       0.0003          4.7916                  
         1550        4       00:14:10       0.0003          6.1406                  
         1600        4       00:14:36       0.0003          4.9334                  
         1650        4       00:15:03       0.0003          6.1248                  
         1700        4       00:15:29       0.0003          7.5819                  
         1750        4       00:15:56       0.0003          8.2178                  
         1760        4       00:16:07       0.0003          4.8541            6.8973
         1800        5       00:16:28       0.0003          5.1554                  
         1850        5       00:16:56       0.0003          4.5568                  
         1900        5       00:17:22       0.0003          5.9974                  
         1950        5       00:17:48       0.0003          4.9498                  
         2000        5       00:18:14       0.0003           5.546                  
         2050        5       00:18:41       0.0003           5.017                  
         2100        5       00:19:07       0.0003           6.148                  
         2150        5       00:19:34       0.0003           5.589                  
         2200        5       00:20:07       0.0003          5.1763            6.5266
         2250        6       00:20:33       0.0003          6.8385                  
         2300        6       00:20:59       0.0003          6.0397                  
         2350        6       00:21:27       0.0003           6.199                  
         2400        6       00:21:54       0.0003          5.4908                  
         2450        6       00:22:20       0.0003          5.1134                  
         2500        6       00:22:47       0.0003          4.3217                  
         2550        6       00:23:13       0.0003          5.1987                  
         2600        6       00:23:40       0.0003          5.2551                  
         2640        6       00:24:08       0.0003          4.7959            6.9682
         2650        7       00:24:13     0.000105          5.6292                  
         2700        7       00:24:39     0.000105          5.8825                  
         2750        7       00:25:06     0.000105          5.7676                  
         2800        7       00:25:32     0.000105          6.2183                  
         2850        7       00:25:58     0.000105          5.7113                  
         2900        7       00:26:25     0.000105           5.271                  
         2950        7       00:26:52     0.000105          4.4407                  
         3000        7       00:27:20     0.000105          4.7376                  
         3050        7       00:27:50     0.000105          4.5005                  
         3080        7       00:28:14     0.000105          4.9232             6.503
         3100        8       00:28:25     0.000105          6.0539                  
         3150        8       00:28:52     0.000105          5.7484                  
         3200        8       00:29:20     0.000105          5.4102                  
         3250        8       00:29:47     0.000105          4.7964                  
         3300        8       00:30:14     0.000105          4.8413                  
         3350        8       00:30:40     0.000105          5.5753                  
         3400        8       00:31:07     0.000105          5.4616                  
         3450        8       00:31:34     0.000105          4.1828                  
         3500        8       00:32:01     0.000105          4.7864                  
         3520        8       00:32:19     0.000105           5.315            6.6683
         3550        9       00:32:37     0.000105          3.0722                  
         3600        9       00:33:08     0.000105          4.0246                  
         3650        9       00:33:39     0.000105          5.3863                  
         3700        9       00:34:11     0.000105          4.2158                  
         3750        9       00:34:41     0.000105          5.5659                  
         3800        9       00:35:08     0.000105          5.7819                  
         3850        9       00:35:35     0.000105          4.8726                  
         3900        9       00:36:04     0.000105          4.2949                  
         3950        9       00:36:32     0.000105          5.6911                  
         3960        9       00:36:44     0.000105          5.4505            7.1326
         4000       10       00:37:06     0.000105          4.7178                  
         4050       10       00:37:32     0.000105          3.6047                  
         4100       10       00:37:59     0.000105          5.0886                  
         4150       10       00:38:25     0.000105           4.919                  
         4200       10       00:38:52     0.000105          4.7885                  
         4250       10       00:39:20     0.000105          4.8762                  
         4300       10       00:39:47     0.000105          3.7027                  
         4350       10       00:40:15     0.000105          3.9581                  
         4400       10       00:40:50     0.000105          7.1967            6.9388
         4450       11       00:41:20     0.000105          4.2342                  
         4500       11       00:41:49     0.000105          4.8022                  
         4550       11       00:42:17     0.000105          4.9473                  
         4600       11       00:42:44     0.000105           4.479                  
         4650       11       00:43:11     0.000105          5.7246                  
         4700       11       00:43:39     0.000105          3.7406                  
         4750       11       00:44:06     0.000105          3.0201                  
         4800       11       00:44:34     0.000105            6.22                  
         4840       11       00:45:02     0.000105          3.0978            7.0201
         4850       12       00:45:08     0.000105          5.8223                  
         4900       12       00:45:35     0.000105          5.0714                  
         4950       12       00:46:07     0.000105           3.771                  
         5000       12       00:46:40     0.000105          5.1887                  
         5050       12       00:47:18     0.000105          5.5522                  
         5100       12       00:47:59     0.000105          4.2472                  
         5150       12       00:48:40     0.000105          4.2706                  
         5200       12       00:49:20     0.000105          2.8982                  
         5250       12       00:49:51     0.000105          4.5059                  
         5280       12       00:50:17     0.000105          3.3021            7.2129
         5300       13       00:50:30    3.675e-05           3.505                  
         5350       13       00:51:01    3.675e-05          4.3988                  
         5400       13       00:51:31    3.675e-05          4.5419                  
         5450       13       00:51:59    3.675e-05          4.5186                  
         5500       13       00:52:26    3.675e-05          4.9225                  
         5550       13       00:52:53    3.675e-05          3.4661                  
         5600       13       00:53:20    3.675e-05          5.2216                  
         5650       13       00:53:48    3.675e-05          4.3414                  
         5700       13       00:54:15    3.675e-05          3.4109                  
         5720       13       00:54:32    3.675e-05           4.574             7.125
         5750       14       00:54:50    3.675e-05          4.6507                  
         5800       14       00:55:22    3.675e-05           3.458                  
         5850       14       00:55:50    3.675e-05          3.3876                  
         5900       14       00:56:23    3.675e-05          6.1459                  
         5950       14       00:56:51    3.675e-05          2.9903                  
         6000       14       00:57:18    3.675e-05           3.563                  
         6050       14       00:57:47    3.675e-05          3.1032                  
         6100       14       00:58:15    3.675e-05           3.925                  
         6150       14       00:58:45    3.675e-05          3.8178                  
         6160       14       00:58:58    3.675e-05          3.3986            7.4193
         6200       15       00:59:20    3.675e-05          3.4315                  
         6250       15       00:59:47    3.675e-05          4.0876                  
         6300       15       01:00:14    3.675e-05          4.0257                  
         6350       15       01:00:41    3.675e-05          3.1828                  
         6400       15       01:01:07    3.675e-05          4.4209                  
         6450       15       01:01:35    3.675e-05          5.5825                  
         6500       15       01:02:02    3.675e-05          4.3338                  
         6550       15       01:02:28    3.675e-05           3.417                  
         6600       15       01:03:03    3.675e-05          2.7539            7.0106
Training stopped: Max epochs completed
trained in 63.1 min
saved models/netra_lesion_net.mat
validation loss: 11.760 -> 7.011  (best 6.503)
