
	Trial License -- for use to evaluate programs for possible purchase as an end-user only.

net OK | 105 layers | encoder LR factor 0.333

--- overfit test ---
    Iteration    Epoch    TimeElapsed    LearnRate    TrainingLoss
    _________    _____    ___________    _________    ____________
            1        1       00:00:04        0.001          1.3116
           30       30       00:00:09        0.001         0.50856
           60       60       00:00:13        0.001         0.34269
           90       90       00:00:16        0.001         0.23034
          120      120       00:00:19        0.001         0.15399
Training stopped: Max epochs completed
overfit: start=1.312 end=0.154
PASS

batch=16  128 iter/epoch  40 epochs
    Iteration    Epoch    TimeElapsed    LearnRate    TrainingLoss    ValidationLoss
    _________    _____    ___________    _________    ____________    ______________
            0        0       00:00:04       0.0003                            1.1327
            1        1       00:00:04       0.0003          1.2619                  
           40        1       00:00:15       0.0003          0.6927                  
           80        1       00:00:25       0.0003         0.59781                  
          120        1       00:00:34       0.0003         0.51421                  
          128        1       00:00:38       0.0003         0.50908           0.50028
          160        2       00:00:47       0.0003         0.46645                  
          200        2       00:00:57       0.0003         0.41316                  
          240        2       00:01:07       0.0003         0.40137                  
          256        2       00:01:13       0.0003         0.39262           0.42871
          280        3       00:01:19       0.0003         0.35743                  
          320        3       00:01:28       0.0003         0.34488                  
          360        3       00:01:37       0.0003         0.34661                  
          384        3       00:01:45       0.0003         0.36333           0.38074
          400        4       00:01:50       0.0003         0.32711                  
          440        4       00:01:59       0.0003         0.31486                  
          480        4       00:02:08       0.0003         0.30759                  
          512        4       00:02:18       0.0003         0.32146           0.35844
          520        5       00:02:21       0.0003         0.29822                  
          560        5       00:02:30       0.0003         0.29787                  
          600        5       00:02:39       0.0003         0.29541                  
          640        5       00:02:50       0.0003         0.29292           0.34271
          680        6       00:03:01       0.0003         0.28925                  
          720        6       00:03:10       0.0003         0.27083                  
          760        6       00:03:19       0.0003         0.27552                  
          768        6       00:03:23       0.0003         0.28268           0.33729
          800        7       00:03:31       0.0003         0.26155                  
          840        7       00:03:41       0.0003         0.27682                  
          880        7       00:03:50       0.0003         0.28186                  
          896        7       00:03:56       0.0003         0.27007           0.33498
          920        8       00:04:03       0.0003         0.25977                  
          960        8       00:04:12       0.0003         0.24552                  
         1000        8       00:04:21       0.0003         0.26556                  
         1024        8       00:04:30       0.0003         0.24392           0.32991
         1040        9       00:04:35       0.0003         0.24931                  
         1080        9       00:04:45       0.0003         0.23134                  
         1120        9       00:04:54       0.0003         0.24035                  
         1152        9       00:05:03       0.0003         0.23717            0.3337
         1160       10       00:05:06       0.0003         0.25592                  
         1200       10       00:05:15       0.0003         0.24326                  
         1240       10       00:05:25       0.0003          0.2329                  
         1280       10       00:05:36       0.0003         0.25821           0.32799
         1320       11       00:05:46       0.0003         0.22738                  
         1360       11       00:05:55       0.0003         0.24967                  
         1400       11       00:06:04       0.0003         0.24327                  
         1408       11       00:06:08       0.0003         0.23818           0.33128
         1440       12       00:06:17       0.0003         0.22423                  
         1480       12       00:06:26       0.0003         0.21813                  
         1520       12       00:06:35       0.0003         0.21079                  
         1536       12       00:06:41       0.0003         0.21397           0.33636
         1560       13       00:06:47       0.0003         0.20921                  
         1600       13       00:06:57       0.0003         0.21895                  
         1640       13       00:07:06       0.0003         0.22844                  
         1664       13       00:07:14       0.0003         0.19933           0.33028
         1680       14       00:07:18       0.0003         0.23053                  
         1720       14       00:07:27       0.0003         0.21527                  
         1760       14       00:07:37       0.0003         0.21137                  
         1792       14       00:07:46       0.0003         0.20903           0.32536
         1800       15       00:07:49       0.0003         0.21439                  
         1840       15       00:07:58       0.0003         0.22814                  
         1880       15       00:08:08       0.0003           0.234                  
         1920       15       00:08:25       0.0003         0.21178           0.32443
         1960       16       00:08:38        9e-05         0.21279                  
         2000       16       00:08:51        9e-05         0.20356                  
         2040       16       00:09:03        9e-05         0.19788                  
         2048       16       00:09:09        9e-05         0.19758           0.32808
         2080       17       00:09:20        9e-05         0.19374                  
         2120       17       00:09:32        9e-05         0.21472                  
         2160       17       00:09:45        9e-05         0.18445                  
         2176       17       00:09:52        9e-05         0.18335           0.32846
         2200       18       00:10:02        9e-05         0.20613                  
         2240       18       00:10:14        9e-05         0.19908                  
         2280       18       00:10:26        9e-05         0.18654                  
         2304       18       00:10:37        9e-05         0.19637            0.3291
         2320       19       00:10:43        9e-05          0.1871                  
         2360       19       00:10:55        9e-05         0.18927                  
         2400       19       00:11:07        9e-05         0.19564                  
         2432       19       00:11:20        9e-05         0.18404           0.33447
         2440       20       00:11:24        9e-05         0.19988                  
         2480       20       00:11:34        9e-05         0.19913                  
         2520       20       00:11:43        9e-05         0.20306                  
         2560       20       00:11:54        9e-05          0.1916           0.33444
         2600       21       00:12:04        9e-05         0.17422                  
         2640       21       00:12:13        9e-05          0.1794                  
         2680       21       00:12:23        9e-05         0.18032                  
         2688       21       00:12:27        9e-05         0.17205            0.3341
         2720       22       00:12:35        9e-05         0.17453                  
         2760       22       00:12:44        9e-05          0.1973                  
         2800       22       00:12:53        9e-05         0.18019                  
         2816       22       00:12:59        9e-05           0.174            0.3331
         2840       23       00:13:06        9e-05         0.18698                  
         2880       23       00:13:15        9e-05         0.18306                  
         2920       23       00:13:24        9e-05         0.21423                  
         2944       23       00:13:32        9e-05         0.17904           0.34065
         2960       24       00:13:37        9e-05         0.18442                  
         3000       24       00:13:46        9e-05         0.17527                  
         3040       24       00:13:55        9e-05          0.1746                  
         3072       24       00:14:05        9e-05         0.19452           0.33454
         3080       25       00:14:07        9e-05         0.18654                  
         3120       25       00:14:17        9e-05         0.20152                  
         3160       25       00:14:26        9e-05         0.18944                  
         3200       25       00:14:37        9e-05          0.1748           0.33788
         3240       26       00:14:47        9e-05         0.18334                  
         3280       26       00:14:57        9e-05         0.17765                  
         3320       26       00:15:06        9e-05         0.19409                  
         3328       26       00:15:10        9e-05         0.17564            0.3401
         3360       27       00:15:19        9e-05         0.17048                  
         3400       27       00:15:28        9e-05         0.16753                  
         3440       27       00:15:37        9e-05         0.17704                  
         3456       27       00:15:43        9e-05         0.16753           0.33566
         3480       28       00:15:50        9e-05         0.16376                  
         3520       28       00:15:59        9e-05         0.17298                  
         3560       28       00:16:09        9e-05         0.16856                  
         3584       28       00:16:17        9e-05         0.16792            0.3405
         3600       29       00:16:21        9e-05         0.19457                  
         3640       29       00:16:31        9e-05         0.15735                  
         3680       29       00:16:40        9e-05         0.18015                  
         3712       29       00:16:50        9e-05         0.16708           0.34707
         3720       30       00:16:53        9e-05         0.17285                  
         3760       30       00:17:02        9e-05         0.17785                  
         3800       30       00:17:11        9e-05         0.16918                  
         3840       30       00:17:27        9e-05         0.17638           0.34223
         3880       31       00:17:42      2.7e-05         0.16624                  
         3920       31       00:17:54      2.7e-05         0.16995                  
         3960       31       00:18:07      2.7e-05         0.17301                  
         3968       31       00:18:12      2.7e-05         0.15258           0.33995
         4000       32       00:18:24      2.7e-05         0.18174                  
         4040       32       00:18:37      2.7e-05         0.17261                  
         4080       32       00:18:49      2.7e-05         0.17793                  
         4096       32       00:18:57      2.7e-05         0.16059           0.34297
         4120       33       00:19:06      2.7e-05         0.16582                  
         4160       33       00:19:19      2.7e-05         0.16211                  
         4200       33       00:19:31      2.7e-05          0.1574                  
         4224       33       00:19:42      2.7e-05         0.16429           0.34133
         4240       34       00:19:48      2.7e-05         0.17147                  
         4280       34       00:20:01      2.7e-05         0.16039                  
         4320       34       00:20:14      2.7e-05         0.17502                  
         4352       34       00:20:27      2.7e-05         0.17564           0.34259
         4360       35       00:20:31      2.7e-05         0.16872                  
         4400       35       00:20:44      2.7e-05         0.19133                  
         4440       35       00:20:57      2.7e-05         0.15576                  
         4480       35       00:21:12      2.7e-05          0.1454           0.34722
         4520       36       00:21:27      2.7e-05         0.17511                  
         4560       36       00:21:40      2.7e-05         0.15029                  
         4600       36       00:21:53      2.7e-05          0.1674                  
         4608       36       00:21:58      2.7e-05         0.16127           0.34268
         4640       37       00:22:10      2.7e-05         0.16474                  
         4680       37       00:22:23      2.7e-05         0.15178                  
         4720       37       00:22:36      2.7e-05         0.16894                  
         4736       37       00:22:44      2.7e-05         0.16668           0.34357
         4760       38       00:22:53      2.7e-05         0.17349                  
         4800       38       00:23:06      2.7e-05         0.15332                  
         4840       38       00:23:18      2.7e-05         0.16819                  
         4864       38       00:23:29      2.7e-05          0.1712           0.34247
         4880       39       00:23:35      2.7e-05         0.15116                  
         4920       39       00:23:47      2.7e-05         0.15764                  
         4960       39       00:24:00      2.7e-05          0.1578                  
         4992       39       00:24:12      2.7e-05         0.15619           0.34641
         5000       40       00:24:15      2.7e-05         0.15173                  
         5040       40       00:24:24      2.7e-05         0.15517                  
         5080       40       00:24:33      2.7e-05         0.15708                  
         5120       40       00:24:45      2.7e-05         0.16781           0.34735
Training stopped: Max epochs completed
trained in 24.8 min
saved models/netra_vessel_net.mat
validation loss: 1.1327 -> 0.3474  (best 0.3244)
