
	Trial License -- for use to evaluate programs for possible purchase as an end-user only.

--- threshold tuning on validation images [25 26 27 31] ---
best validation Dice 0.7939 at threshold 0.50
THRESHOLD FROZEN at 0.50 - the test set is opened below.

--- sealed test: DRIVE [1 2 3 4 5 6 7 8 9 10 11 12 13 14 15 16 17 18 19 20] ---
id        sens    spec    prec     acc    dice     iou   gmean     auc
1       0.8907  0.9580  0.7593  0.9493  0.8198  0.6946  0.9237  0.9806
2       0.9003  0.9562  0.7819  0.9479  0.8369  0.7196  0.9279  0.9823
3       0.7515  0.9752  0.8365  0.9428  0.7917  0.6552  0.8561  0.9629
4       0.8400  0.9719  0.8214  0.9543  0.8306  0.7102  0.9035  0.9704
5       0.7865  0.9746  0.8294  0.9490  0.8074  0.6770  0.8755  0.9625
6       0.7867  0.9717  0.8206  0.9455  0.8033  0.6712  0.8743  0.9626
7       0.8124  0.9728  0.8205  0.9515  0.8164  0.6898  0.8890  0.9674
8       0.7918  0.9737  0.8107  0.9510  0.8012  0.6683  0.8781  0.9678
9       0.7890  0.9766  0.8176  0.9545  0.8031  0.6709  0.8778  0.9661
10      0.8402  0.9661  0.7711  0.9510  0.8042  0.6725  0.9009  0.9698
11      0.8609  0.9547  0.7391  0.9425  0.7954  0.6602  0.9066  0.9722
12      0.8583  0.9662  0.7844  0.9527  0.8197  0.6944  0.9106  0.9771
13      0.8262  0.9647  0.7951  0.9451  0.8103  0.6812  0.8928  0.9690
14      0.8744  0.9621  0.7532  0.9518  0.8093  0.6796  0.9172  0.9788
15      0.8901  0.9607  0.7247  0.9534  0.7989  0.6652  0.9247  0.9815
16      0.8651  0.9664  0.7951  0.9531  0.8287  0.7074  0.9144  0.9802
17      0.8092  0.9730  0.8067  0.9529  0.8079  0.6778  0.8873  0.9743
18      0.8941  0.9587  0.7379  0.9513  0.8085  0.6786  0.9259  0.9808
19      0.9380  0.9551  0.7413  0.9530  0.8281  0.7066  0.9465  0.9868
20      0.9006  0.9574  0.7169  0.9514  0.7983  0.6643  0.9286  0.9833
MEAN    0.8453  0.9658  0.7832  0.9502  0.8110  0.6822  0.9031  0.9738
SD      0.0499  0.0075  0.0378  0.0036  0.0127  0.0181  0.0236  0.0077

wrote results/vessel_metrics.csv
wrote models/vessel_threshold.mat (thr = 0.50)
wrote 4 overlays to results/overlays/vessels
